-9284
12633
80122
31664
56362
91435
-58468
59547
21748
41000
41935
-86915
-58329
-18066
-71664
73815
-11494
-46280
58194
-63124
33608
-44773
-66673
-9339
44215
5419
381
50878
-70068
76770
-56722
88864
-87038
19047
-80162
-75087
5903
6695
-98518
-831
97560
78926
-18046
-81340
-73645
-82595
-51486
82271
30226
-17751
43754
-53204
-27845
-24211
-86857
98163
-59045
-94732
69358
98711
-61087
95611
17738
13684
96107
22614
38110
42450
-30237
12709
-51670
-75319
66084
91834
-99163
57890
79338
-77498
83734
-82540
-47037
-9897
-299
37270
11867
-36943
-94904
-11976
63400
-56353
-99780
95835
55314
14819
11018
-26548
-38260
-33756
51749
-29719
29946
-79795
10749
-23270
11809
52720
-24739
68240
-11135
13027
-18553
91483
72102
-72889
-78691
-20641
-35179
86880
-2915
37275
-16982
-5599
83423
-62233
52550
-59835
-73339
59695
18591
-33906
12271
-81241
-32767
-16109
59799
-25644
-92355
84133
-7380
-49733
23021
-77669
30217
79547
49063
-91248
94073
-87332
79142
84851
-28571
-90103
66239
-17265
-69008
25288
86378
-65118
9216
94828
15809
-65331
-5410
6339
-89915
-21662
-1910
51639
44928
75503
-62468
-17373
-10476
-43185
22355
-19747
59704
83409
-62954
-76156
89127
-56280
46847
-9273
63700
-12831
35749
24026
25134
-62132
-57712
27150
52222
-8094
-97968
-77876
-36094
18021
36515
40698
88916
-51345
-60854
65673
7987
-52592
-59753
-19601
59806
-98353
-31793
-92451
-86044
-98447
-21778
86104
84870
-69181
40825
-54055
-97837
29399
19793
73505
86354
15386
-46766
82924
15332
5821
-67551
-12361
-12070
72515
-13385
-30381
-6662
35528
-88811
-18476
84110
49075
44988
-80740
-91980
75675
-5554
19344
94522
-74469
-81515
-13098
-66779
-19182
99746
-37199
39862
72207
39540
-49651
-83118
6958
7158
-20589
-89990
-74019
-84252
-88695
43340
84153
-61939
-23202
-11727
-2077
-35708
-83123
-92326
-9377
21143
38798
32054
-48830
5072
-95167
74795
41355
2140
-91509
47570
25431
-18998
-11757
46655
86827
-29505
68164
33187
-373
-73638
68938
53987
67160
-18205
-10349
95268
-67410
-8119
-3830
-45320
77707
-77272
-25097
-93167
41931
-90202
79084
-52596
-80708
-18992
27720
28006
-15285
-72192
-55290
85824
-50813
-21014
85759
-92903
-16965
79179
-62167
95200
-43310
-53224
-1809
-40380
-33169
95022
-39137
16077
-69239
-43552
-98547
24744
26538
-39054
-87613
-83464
91917
-51076
16512
-72381
60633
-50072
-8814
23347
-36656
-25884
11988
-75592
